# oST version 5.0 parameters


[image]

width
1280

height
720

[narrow_stereo]

camera matrix
996.480345 0.000000 675.041069
0.000000 999.046566 353.839461
0.000000 0.000000 1.000000

distortion
-0.065255 0.152392 -0.004063 0.003811 0.000000

rectification
1.000000 0.000000 0.000000
0.000000 1.000000 0.000000
0.000000 0.000000 1.000000

projection
1006.139404 0.000000 676.734072 0.000000
0.000000 1006.587402 350.512806 0.000000
0.000000 0.000000 1.000000 0.000000

