image_width: 640
image_height: 480
camera_name: narrow_stereo
camera_matrix:
  rows: 3
  cols: 3
  data: [553.735971, 0, 307.114287, 0, 553.435784, 213.753242, 0, 0, 1]
distortion_model: plumb_bob
distortion_coefficients:
  rows: 1
  cols: 5
  data: [-0.055218, 0.004406, -0.015029, -0.007767, 0]
rectification_matrix:
  rows: 3
  cols: 3
  data: [1, 0, 0, 0, 1, 0, 0, 0, 1]
projection_matrix:
  rows: 3
  cols: 4
  data: [544.223083, 0, 301.127987, 0, 0, 544.541931, 207.449677, 0, 0, 0, 1, 0]
