# oST version 5.0 parameters


[image]

width
640

height
480

[narrow_stereo]

camera matrix
815.071244 0.000000 360.237390
0.000000 815.778411 244.230458
0.000000 0.000000 1.000000

distortion
-0.454921 0.160074 -0.002855 -0.000602 0.000000

rectification
1.000000 0.000000 0.000000
0.000000 1.000000 0.000000
0.000000 0.000000 1.000000

projection
747.209595 0.000000 366.668513 0.000000
0.000000 779.455078 243.381448 0.000000
0.000000 0.000000 1.000000 0.000000

