# oST version 5.0 parameters


[image]

width
640

height
480

[narrow_stereo]

camera matrix
838.177348 0.000000 330.210941
0.000000 839.723527 263.288030
0.000000 0.000000 1.000000

distortion
-0.501546 0.212996 -0.000036 -0.002820 0.000000

rectification
1.000000 0.000000 0.000000
0.000000 1.000000 0.000000
0.000000 0.000000 1.000000

projection
769.501404 0.000000 330.186086 0.000000
0.000000 800.697083 264.909656 0.000000
0.000000 0.000000 1.000000 0.000000

