# oST version 5.0 parameters


[image]

width
2304

height
1536

[narrow_stereo]

camera matrix
1686.804948 0.000000 1112.548138
0.000000 1694.190852 704.724837
0.000000 0.000000 1.000000

distortion
0.107647 -0.157904 -0.009887 -0.003023 0.000000

rectification
1.000000 0.000000 0.000000
0.000000 1.000000 0.000000
0.000000 0.000000 1.000000

projection
1716.467407 0.000000 1102.939649 0.000000
0.000000 1725.807739 691.376713 0.000000
0.000000 0.000000 1.000000 0.000000

